Aser_BFSK_1200=[0.4115513192075322, 0.4064889175760417, 0.4011589167216063, 0.3955511521607303, 0.3896558019811309, 0.3834635465486715, 0.3769657529064502, 0.3701546852660318, 0.3630237424132919, 0.3555677220357190, 0.3477831108973126, 0.3396683983850028, 0.3312244091549712, 0.3224546484496246, 0.3133656512021238, 0.3039673233434675, 0.2942732609453104, 0.2843010301476755, 0.2740723885061096, 0.2636134268229504, 0.2529546100495323, 0.2421306968840186, 0.2311805205755675, 0.2201466183953878, 0.2090747042753102, 0.1980129880061689, 0.1870113545921454, 0.1761204280437853, 0.1653905540037950, 0.1548707439658999, 0.1446076293593105, 0.1346444755736895, 0.1250203036509808, 0.1157691609478280, 0.1069195721880367, 0.0984941900419521, 0.0905096510320335, 0.08297662958174780, 0.07590007166442196, 0.06927958071941836, 0.06310992281691423, 0.05738161556971993, 0.05208156573636438, 0.04719372328794239, 0.04269972422871398, 0.03857949994748598, 0.03481183668085742, 0.03137487426288838, 0.02824653834354595, 0.02540490445583218, 0.02282849560893056, 0.02049651749007993, 0.01838903695113389, 0.01648711035886607, 0.01477286873711450, 0.01322956656028317, 0.01184160069455116, 0.01059450543105893, 0.00947492889878965, 0.008470595447929069, 0.007570257903779762];
Aser_BFSK_2000=[0.3565222351336129, 0.3487786354433742, 0.3407049304610234, 0.3323016253030687, 0.3235718621858758, 0.3145217699852480, 0.3051608076737892, 0.2955020876153988, 0.2855626619767338, 0.2753637531205165, 0.2649309071582221, 0.2542940491888207, 0.2434874195667040, 0.2325493731763460, 0.2215220283782129, 0.2104507590835867, 0.1993835321151901, 0.1883701021166874, 0.1774610869875192, 0.1667069571011474, 0.1561569802469875, 0.1458581701861372, 0.1358542890239793, 0.1261849517761155, 0.1168848755478992, 0.1079833062119168, 0.0995036433715614, 0.0914632710697987, 0.08387358856168051, 0.07674022381640310, 0.07006340324909841, 0.06383844509229642, 0.05805634095217754, 0.05270439021839786, 0.04776685458581150, 0.04322560431675493, 0.03906073329790961, 0.03525112575894312, 0.03177496317545990, 0.02861016498261812, 0.02573476103403615, 0.02312719715143365, 0.02076657762109162, 0.01863285017736152, 0.01670693999124426, 0.01497083958746988, 0.01340766158608242, 0.01200166082856399, 0.01073823191205388, 0.00960388750562156, 0.008586222126389523, 0.007673865358840660, 0.006856427841078220, 0.006124442737976409, 0.005469304882939078, 0.004883209301969030, 0.004359090434171804, 0.003890563028403877, 0.003471865419909181, 0.003097805667023798, 0.002763710849624699];
Aser_BFSK_2600=[0.3185610722749940, 0.3093358873217131, 0.2998066424581013, 0.2899886148644846, 0.2799011591035283, 0.2695678974808561, 0.2590168215674853, 0.2482802836458045, 0.2373948586297691, 0.2264010607674565, 0.2153429053079232, 0.2042673132200955, 0.1932233666233851, 0.1822614331602875, 0.1714321881672075, 0.1607855730471867, 0.1503697355441578, 0.1402300016350120, 0.1304079287918122, 0.1209404861935102, 0.1118593994011396, 0.1031906858825717, 0.0949543947983918, 0.08716455104851501, 0.07982929111233817, 0.07295116784504749, 0.06652759389623919, 0.06055138913609890, 0.05501139633337423, 0.04989313091507572, 0.04517943431884010, 0.04085110550329386, 0.03688749090624195, 0.03326701892881933, 0.02996767041172626, 0.02696738125354931, 0.02424437713180538, 0.02177744319163230, 0.01954613360229587, 0.01753092715187851, 0.01571333569251232, 0.01407597239286256, 0.01260258653939394, 0.01127807116719964, 0.01008844919143976, 0.00902084302698330, 0.008063431983240257, 0.007205401042990703, 0.006436884003459803, 0.005748903389775273, 0.005133309051658546, 0.004582716925085584, 0.004090449078086534, 0.003650475858790579, 0.003257360718117373, 0.002906208082116976, 0.002592614492764153, 0.002312623114689952, 0.002062681613074013, 0.001839603339270633, 0.001640531711142554];


Aser_BFSK_asym_1200=[33.57865402312165, 13.51954155762244, 6.115994247386133, 3.037950659494462, 1.622251680420369, 0.913969127679449, 0.5349002170895626, 0.3213244715622425, 0.1964157351200887, 0.1214395284304206, 0.07563873118018958, 0.04733466173886990, 0.02971127102253693, 0.01868499575092108, 0.01176495996770494, 0.007413451055378907];
Aser_BFSK_asym_2000=[5.203274450064408, 2.631077551603410, 1.423955479749613, 0.8100360896715471, 0.4772578044091033, 0.2879918683890712, 0.1765634531179133, 0.1093755712493115, 0.06820895110305622, 0.04271880328489104, 0.02682741493155584, 0.01687674383733304, 0.01062853667010306, 0.006698208673655324, 0.004223122442431817, 0.002663351823065741];
Aser_BFSK_asym_2600=[2.405457309009204, 1.312346603331019, 0.7508448168725487, 0.4441371842307634, 0.2687171248198193, 0.1650332836792755, 0.1023482165980763, 0.06387268342726793, 0.04002146715931715, 0.02514084596199951, 0.01581868139845927, 0.00996336552697237, 0.006279477017640614, 0.003959303763687150, 0.002497045961849335, 0.001575089318372034];

Aser_QPSK_1200=[0.8231026384150645, 0.8129778351520835, 0.8023178334432126, 0.7911023043214606, 0.7793116039622619, 0.7669270930973430, 0.7539315058129003, 0.7403093705320635, 0.7260474848265837, 0.7111354440714380, 0.6955662217946253, 0.6793367967700056, 0.6624488183099425, 0.6449092968992491, 0.6267313024042475, 0.6079346466869349, 0.5885465218906209, 0.5686020602953510, 0.5481447770122193, 0.5272268536459009, 0.5059092200990647, 0.4842613937680372, 0.4623610411511350, 0.4402932367907756, 0.4181494085506204, 0.3960259760123378, 0.3740227091842908, 0.3522408560875706, 0.3307811080075899, 0.3097414879317999, 0.2892152587186210, 0.2692889511473791, 0.2500406073019616, 0.2315383218956560, 0.2138391443760735, 0.1969883800839042, 0.1810193020640670, 0.1659532591634956, 0.1518001433288439, 0.1385591614388367, 0.1262198456338285, 0.1147632311394399, 0.1041631314727288, 0.0943874465758848, 0.08539944845742795, 0.07715899989497196, 0.06962367336171484, 0.06274974852577676, 0.05649307668709189, 0.05080980891166435, 0.04565699121786113, 0.04099303498015986, 0.03677807390226777, 0.03297422071773214, 0.02954573747422900, 0.02645913312056635, 0.02368320138910231, 0.02118901086211787, 0.01894985779757930, 0.01694119089585814, 0.01514051580755952];
Aser_QPSK_2000=[0.7130444702672258, 0.6975572708867484, 0.6814098609220468, 0.6646032506061373, 0.6471437243717517, 0.6290435399704959, 0.6103216153475784, 0.5910041752307976, 0.5711253239534676, 0.5507275062410331, 0.5298618143164442, 0.5085880983776413, 0.4869748391334081, 0.4650987463526920, 0.4430440567564258, 0.4209015181671735, 0.3987670642303803, 0.3767402042333748, 0.3549221739750385, 0.3334139142022947, 0.3123139604939749, 0.2917163403722743, 0.2717085780479586, 0.2523699035522310, 0.2337697510957983, 0.2159666124238336, 0.1990072867431228, 0.1829265421395974, 0.1677471771233610, 0.1534804476328062, 0.1401268064981968, 0.1276768901845929, 0.1161126819043551, 0.1054087804367957, 0.0955337091716230, 0.08645120863350986, 0.07812146659581922, 0.07050225151788623, 0.06354992635091980, 0.05722032996523624, 0.05146952206807230, 0.04625439430286729, 0.04153315524218324, 0.03726570035472305, 0.03341387998248852, 0.02994167917493977, 0.02681532317216484, 0.02400332165712798, 0.02147646382410775, 0.01920777501124312, 0.01717244425277905, 0.01534773071768132, 0.01371285568215644, 0.01224888547595282, 0.01093860976587816, 0.00976641860393806, 0.008718180868343608, 0.007781126056807755, 0.006943730839818362, 0.006195611334047595, 0.005527421699249398];
