Pout_5dBth_1800=[1.000001019167156, 0.999999876679172, 0.999998852959841, 0.999998613953011, 0.999998567607503, 0.999995688620609, 0.999982073488298, 0.999938716240076, 0.999822834827158, 0.999547879584894, 0.998958598579232, 0.997807069942661, 0.995737920221291, 0.992290515724554, 0.986922388460303, 0.979052800887509, 0.968120328757547, 0.953644191638546, 0.935278935611879, 0.912852967914562, 0.8863865477851344, 0.8560879762422575, 0.8223313841147329, 0.7856216679225868, 0.7465529380452774, 0.7057661739037057, 0.6639103660330779, 0.6216099147418271, 0.5794396665687391, 0.5379078143057459, 0.4974461022275402, 0.4584063179703814, 0.4210617581819547, 0.3856122367838805, 0.3521913339014372, 0.3208748484465214, 0.2916896613101821, 0.2646224376202237, 0.2396278135809728, 0.2166358523884708, 0.1955586088675365, 0.1762957155812469, 0.1587390121901631, 0.1427763030210368, 0.1282943383657463, 0.1151811310294405, 0.1033277269883917, 0.0926295128996442, 0.08298711165771163, 0.07430693359867295, 0.06650146819877470, 0.05948938191276897, 0.05319546966347856, 0.04755050795262878, 0.04249104240996593, 0.03795911564734838, 0.03390194329866737, 0.03027156557758114, 0.02702449828079110, 0.02412138947878579, 0.02152668791653134, 0.01920833181011677, 0.01713745381682427, 0.01528809301894889, 0.01363691915824295, 0.01216298807684261, 0.01084748036942763, 0.00967356173041889, 0.008626125514294948, 0.007691656995616745, 0.006858067306611110, 0.006114542908708223, 0.005451410932474643, 0.004860022893828351, 0.004332650572795319, 0.003862390816639231, 0.003443080741750983, 0.003069222366064491, 0.002735904094418177, 0.002438740645504889, 0.002173820372133945];
Pout_5dBth_2500=[0.999988292074261, 0.999957160164125, 0.999870029991404, 0.999655966776345, 0.999182892726749, 0.998232364711433, 0.996481116012334, 0.993497604468244, 0.988759053138735, 0.981689626860381, 0.971714882004028, 0.958323565782926, 0.941125084557350, 0.919893837956775, 0.8945933750346600, 0.8653788387679142, 0.8325795070240473, 0.7966667485362925, 0.7582136656666645, 0.7178523757094616, 0.6762337095448406, 0.6339925799523743, 0.5917207284723750, 0.5499473398956415, 0.5091272055542356, 0.4696355408734772, 0.4317681616655275, 0.3957455972393591, 0.3617198270322271, 0.3297825081759512, 0.2999737901205677, 0.2722911003795978, 0.2466975217134206, 0.2231294905536621, 0.2015036224610868, 0.1817225819181363, 0.1636799996367593, 0.1472644781569453, 0.1323627746354627, 0.1188622967688494, 0.1066530308294194, 0.0956289730117220, 0.08568912971949797, 0.07673816782394938, 0.06868678172900149, 0.06145183501071067, 0.05495634238264915, 0.04912935289167771, 0.04390575710608249, 0.03922602489477332, 0.03503589455168508, 0.03128603682348321, 0.02793170364810998, 0.02493237507478601, 0.02225142437937455, 0.01985579918860634, 0.01771574348961509, 0.01580448396808217, 0.01409793453725665, 0.01257448464424902, 0.01121472045352976, 0.01000125361532610, 0.008918490305536169, 0.007952485315796485, 0.007090729492490876, 0.006322060322855724, 0.005636486174303692, 0.005025066578423648, 0.004479824649411629, 0.003993621719183193, 0.003560092308064076, 0.003173549606373738, 0.002828917760797676, 0.002521663878364450, 0.002247743085673035, 0.002003549836965460, 0.001785860912640157, 0.001591803594484946, 0.001418819324579488, 0.001264619662158501, 0.001127171409257626];
Pout_5dBth_3000=[0.999601244920616, 0.999067514241777, 0.998010453176103, 0.996088402657062, 0.992852593598728, 0.987767878088067, 0.980254199971170, 0.969742978985162, 0.955739077354823, 0.937876680534240, 0.915960680971816, 0.8899871648759181, 0.8601422558369389, 0.8267818099441302, 0.7903974777020967, 0.7515754819047452, 0.7109540010175030, 0.6691836455199137, 0.6268939483158394, 0.5846674040390462, 0.5430214218288927, 0.5023976949539448, 0.4631579913294225, 0.4255850935401856, 0.3898874732956060, 0.3562063546682355, 0.3246240801742836, 0.2951729706565307, 0.2678440842921377, 0.2425954830469878, 0.2193597825101660, 0.1980508360746576, 0.1785694521232239, 0.1608081393278485, 0.1446549636431753, 0.1299966205632912, 0.1167208259530060, 0.1047181411924202, 0.0938833310736016, 0.08411631161374167, 0.07532274243698159, 0.06741434311009015, 0.06030901113936420, 0.05393078890530558, 0.04820972331540791, 0.04308165709523746, 0.03848796614200342, 0.03437524473941100, 0.03069495815337554, 0.02740309083154134, 0.02445980211554185, 0.02182908777675627, 0.01947847755209907, 0.01737872442561114, 0.01550353467788458, 0.01382924991131441, 0.01233465132630674, 0.01100067600475974, 0.00981025095518438, 0.008748076032210179, 0.007800451466388503, 0.006955115955183912, 0.006201104486456884, 0.005528607872751278, 0.004928861137843011, 0.004394031490650124, 0.003917121818401976, 0.003491883109204303, 0.003112735723813030, 0.002774698692370996, 0.002473326272879495, 0.002204651067839615, 0.001965133055357109, 0.001751613948496185, 0.001561276347783232, 0.001391607198667415, 0.001240365112913847, 0.001105551158223267, 0.000985382758225975, 0.0008782703761799118, 0.0007827966880753799];


Pout_5dBth_1800_asym=[33.82445181147357, 18.26119177153558, 10.40200283580905, 6.142544083767914, 3.714313959631121, 2.280829406858013, 1.414497884686952, 0.8827833995595528, 0.5531583056065804, 0.3474961847548595, 0.2186503534505608, 0.1377185871756358, 0.08679891645786117, 0.05472836265105894, 0.03451611965062456, 0.02177217221253325, 0.01373491293880428, 0.008665189216696675, 0.005466984616869762, 0.003449282757196630, 0.002176290041149034];
Pout_5dBth_2500_asym=[14.27922303441641, 8.275235953744054, 4.942682265949912, 3.011034430506916, 1.857826239904282, 1.155689688153638, 0.7226653169827533, 0.4533858381459473, 0.2850411447983777, 0.1794411530634996, 0.1130576252390540, 0.07127006084576647, 0.04494271175311294, 0.02834672316595396, 0.01788150893953758, 0.01128085159521666, 0.007117092158246645, 0.004490325197111039, 0.002833101602069409, 0.001787525633402371, 0.001127836251914956];
Pout_5dBth_3000_asym=[9.24199198698304, 5.491111443568125, 3.333697914285313, 2.052385591474657, 1.274922817329695, 0.7965097993536196, 0.4994308078936111, 0.3138765547265393, 0.1975489424618563, 0.1244486478968869, 0.07844370372382681, 0.04946356175403741, 0.03119703291251990, 0.01967907564359644, 0.01241469833243163, 0.007832365276328064, 0.004941577962216679, 0.003117801326990347, 0.001967150448237882, 0.001241168437339780, 0.0007831165441464583];

